a = 
1 2 3 4 5 6 7 8 9 10 11 12 13 14 15 16 17 18 19 20 
1 2 3 4 5 6 7 8 9 10 11 12 13 14 15 16 17 18 19 20 
1 2 3 4 5 6 7 8 9 10 11 12 13 14 15 16 17 18 19 20 
1 2 3 4 5 6 7 8 9 10 11 12 13 14 15 16 17 18 19 20 
1 2 3 4 5 6 7 8 9 10 11 12 13 14 15 16 17 18 19 20 
1 2 3 4 5 6 7 8 9 10 11 12 13 14 15 16 17 18 19 20 
1 2 3 4 5 6 7 8 9 10 11 12 13 14 15 16 17 18 19 20 
1 2 3 4 5 6 7 8 9 10 11 12 13 14 15 16 17 18 19 20 
1 2 3 4 5 6 7 8 9 10 11 12 13 14 15 16 17 18 19 20 
1 2 3 4 5 6 7 8 9 10 11 12 13 14 15 16 17 18 19 20 
1 2 3 4 5 6 7 8 9 10 11 12 13 14 15 16 17 18 19 20 
1 2 3 4 5 6 7 8 9 10 11 12 13 14 15 16 17 18 19 20 
1 2 3 4 5 6 7 8 9 10 11 12 13 14 15 16 17 18 19 20 
1 2 3 4 5 6 7 8 9 10 11 12 13 14 15 16 17 18 19 20 
1 2 3 4 5 6 7 8 9 10 11 12 13 14 15 16 17 18 19 20 
1 2 3 4 5 6 7 8 9 10 11 12 13 14 15 16 17 18 19 20 
1 2 3 4 5 6 7 8 9 10 11 12 13 14 15 16 17 18 19 20 
1 2 3 4 5 6 7 8 9 10 11 12 13 14 15 16 17 18 19 20 
1 2 3 4 5 6 7 8 9 10 11 12 13 14 15 16 17 18 19 20 
1 2 3 4 5 6 7 8 9 10 11 12 13 14 15 16 17 18 19 20 

b = 
1 2 3 4 5 6 7 8 9 10 11 12 13 14 15 16 17 18 19 20 
1 2 3 4 5 6 7 8 9 10 11 12 13 14 15 16 17 18 19 20 
1 2 3 4 5 6 7 8 9 10 11 12 13 14 15 16 17 18 19 20 
1 2 3 4 5 6 7 8 9 10 11 12 13 14 15 16 17 18 19 20 
1 2 3 4 5 6 7 8 9 10 11 12 13 14 15 16 17 18 19 20 
1 2 3 4 5 6 7 8 9 10 11 12 13 14 15 16 17 18 19 20 
1 2 3 4 5 6 7 8 9 10 11 12 13 14 15 16 17 18 19 20 
1 2 3 4 5 6 7 8 9 10 11 12 13 14 15 16 17 18 19 20 
1 2 3 4 5 6 7 8 9 10 11 12 13 14 15 16 17 18 19 20 
1 2 3 4 5 6 7 8 9 10 11 12 13 14 15 16 17 18 19 20 
1 2 3 4 5 6 7 8 9 10 11 12 13 14 15 16 17 18 19 20 
1 2 3 4 5 6 7 8 9 10 11 12 13 14 15 16 17 18 19 20 
1 2 3 4 5 6 7 8 9 10 11 12 13 14 15 16 17 18 19 20 
1 2 3 4 5 6 7 8 9 10 11 12 13 14 15 16 17 18 19 20 
1 2 3 4 5 6 7 8 9 10 11 12 13 14 15 16 17 18 19 20 
1 2 3 4 5 6 7 8 9 10 11 12 13 14 15 16 17 18 19 20 
1 2 3 4 5 6 7 8 9 10 11 12 13 14 15 16 17 18 19 20 
1 2 3 4 5 6 7 8 9 10 11 12 13 14 15 16 17 18 19 20 
1 2 3 4 5 6 7 8 9 10 11 12 13 14 15 16 17 18 19 20 
1 2 3 4 5 6 7 8 9 10 11 12 13 14 15 16 17 18 19 20 

c = 
2 4 6 8 10 12 14 16 18 20 22 24 26 28 30 32 34 36 38 40 
2 4 6 8 10 12 14 16 18 20 22 24 26 28 30 32 34 36 38 40 
2 4 6 8 10 12 14 16 18 20 22 24 26 28 30 32 34 36 38 40 
2 4 6 8 10 12 14 16 18 20 22 24 26 28 30 32 34 36 38 40 
2 4 6 8 10 12 14 16 18 20 22 24 26 28 30 32 34 36 38 40 
2 4 6 8 10 12 14 16 18 20 22 24 26 28 30 32 34 36 38 40 
2 4 6 8 10 12 14 16 18 20 22 24 26 28 30 32 34 36 38 40 
2 4 6 8 10 12 14 16 18 20 22 24 26 28 30 32 34 36 38 40 
2 4 6 8 10 12 14 16 18 20 22 24 26 28 30 32 34 36 38 40 
2 4 6 8 10 12 14 16 18 20 22 24 26 28 30 32 34 36 38 40 
2 4 6 8 10 12 14 16 18 20 22 24 26 28 30 32 34 36 38 40 
2 4 6 8 10 12 14 16 18 20 22 24 26 28 30 32 34 36 38 40 
2 4 6 8 10 12 14 16 18 20 22 24 26 28 30 32 34 36 38 40 
2 4 6 8 10 12 14 16 18 20 22 24 26 28 30 32 34 36 38 40 
2 4 6 8 10 12 14 16 18 20 22 24 26 28 30 32 34 36 38 40 
2 4 6 8 10 12 14 16 18 20 22 24 26 28 30 32 34 36 38 40 
2 4 6 8 10 12 14 16 18 20 22 24 26 28 30 32 34 36 38 40 
2 4 6 8 10 12 14 16 18 20 22 24 26 28 30 32 34 36 38 40 
2 4 6 8 10 12 14 16 18 20 22 24 26 28 30 32 34 36 38 40 
2 4 6 8 10 12 14 16 18 20 22 24 26 28 30 32 34 36 38 40 

cs = 
2 4 6 8 10 12 14 16 18 20 22 24 26 28 30 32 34 36 38 40 
2 4 6 8 10 12 14 16 18 20 22 24 26 28 30 32 34 36 38 40 
2 4 6 8 10 12 14 16 18 20 22 24 26 28 30 32 34 36 38 40 
2 4 6 8 10 12 14 16 18 20 22 24 26 28 30 32 34 36 38 40 
2 4 6 8 10 12 14 16 18 20 22 24 26 28 30 32 34 36 38 40 
2 4 6 8 10 12 14 16 18 20 22 24 26 28 30 32 34 36 38 40 
2 4 6 8 10 12 14 16 18 20 22 24 26 28 30 32 34 36 38 40 
2 4 6 8 10 12 14 16 18 20 22 24 26 28 30 32 34 36 38 40 
2 4 6 8 10 12 14 16 18 20 22 24 26 28 30 32 34 36 38 40 
2 4 6 8 10 12 14 16 18 20 22 24 26 28 30 32 34 36 38 40 
2 4 6 8 10 12 14 16 18 20 22 24 26 28 30 32 34 36 38 40 
2 4 6 8 10 12 14 16 18 20 22 24 26 28 30 32 34 36 38 40 
2 4 6 8 10 12 14 16 18 20 22 24 26 28 30 32 34 36 38 40 
2 4 6 8 10 12 14 16 18 20 22 24 26 28 30 32 34 36 38 40 
2 4 6 8 10 12 14 16 18 20 22 24 26 28 30 32 34 36 38 40 
2 4 6 8 10 12 14 16 18 20 22 24 26 28 30 32 34 36 38 40 
2 4 6 8 10 12 14 16 18 20 22 24 26 28 30 32 34 36 38 40 
2 4 6 8 10 12 14 16 18 20 22 24 26 28 30 32 34 36 38 40 
2 4 6 8 10 12 14 16 18 20 22 24 26 28 30 32 34 36 38 40 
2 4 6 8 10 12 14 16 18 20 22 24 26 28 30 32 34 36 38 40 


Serial time = 0.286238

Parallel time = 0.047877
